# x y sigma_y
4.762456307466724326e+00 1.922925348375781329e+00 1.509036986610775011e-01
6.584695424662051266e+00 1.715466849906494562e-01 -9.457400231857206532e-03
4.275429318006374935e+00 1.366310304839652767e+00 1.237293475027115008e-01
4.381779799813594778e+00 1.485856059566668108e+00 -3.411478355770995452e-01
4.839135011285573995e+00 1.833700393075239576e+00 -3.729627200809048637e-01
5.982147411401845361e+00 9.178925425143298344e-01 3.372242209463263141e-01
4.925588704464246348e+00 1.951986647459773350e+00 -1.595712649528718274e-01
6.620515014467927450e+00 -8.449650015623752508e-02 3.034353058876622655e-01
4.188013323321833070e+00 1.383719303530979605e+00 -7.682184129497371394e-02
6.030757362034015578e+00 8.246993928705071975e-01 3.460512205858330415e-01
5.607320822540118321e+00 1.580617043711239456e+00 1.200569946457138437e-01
3.952643948285538666e+00 9.236961338591327397e-01 -1.359532359682222857e-01
4.923892531233404313e+00 1.903659375289414424e+00 -3.331244032841111924e-01
5.616709430269795078e+00 1.550919722672093437e+00 -9.488849449635301803e-02
4.995006135465255070e+00 1.710065535168465045e+00 -4.345128353008261834e-01
6.557648109233060296e+00 1.170381029567664766e-01 8.988667919454225441e-02
3.115742685543192891e+00 -9.161274098374250219e-02 3.204405161607827290e-01
6.472441250868386398e+00 2.292802983635075786e-01 4.248195776498363968e-02
6.696076803041011161e+00 2.882282045436488360e-01 -2.806022971575377611e-01
5.104734735669687495e+00 1.971097222361060775e+00 4.888044757259980000e-01
4.785256826799601626e+00 1.883326817899016348e+00 1.759081301144787557e-01
4.036068382206419614e+00 9.791901606498063515e-01 -2.659928025243123439e-01
6.715129800702515084e+00 1.455073663812901930e-01 -1.983873554784093204e-02
3.331696523655678366e+00 2.958508961797021719e-01 2.078075263199753442e-01
3.745719166204390493e+00 3.273368482841362281e-01 1.251141775995458782e-01
3.048669839329149145e+00 -7.658448482627149001e-02 8.670724463414283822e-02
5.938567512029529816e+00 1.039156513944021087e+00 -5.938539274073700164e-02
3.900078165499326843e+00 6.680746462984750167e-01 2.186062452341035189e-01
4.642751721914636143e+00 1.836078943812720521e+00 2.551965749041604226e-01
5.798214770492110759e+00 1.286310961827685340e+00 2.881061309778650339e-02
